0.0
0.0
0.0
-0.022334856391739197
0.1590506059808641
0.10995525966153527
-0.048146969740579276
-0.10999924698454662
-0.034490847810344644
0.02969229229152952
0.08727461649191945
0.08221682715868273
-0.26554916592946115
0.10740294920433527
-0.034490847810344644
0.11080493824987006
-0.011712301435166553
0.02906288252045949
0.049459130955539714
0.09553427518896235
0.1849014253520214
0.003938730474868865
-0.02703666694763668
-0.07192554477975319
-0.030952013780524666
-0.11446192374564083
-0.032619640288228606
-0.04555550050160109
-0.1486496004274871
0.020889527635215628
-0.06487699174319908
-0.10411423664665033
-0.014354730671457656
-0.07416809721736255
-0.17254250392816958
0.03744514169259389
-0.05753970229989485
-0.1233692963768121
0.017592018863151794
-0.08685978702181024
-0.02000494816867208
-0.03167080112683457
0.1880745440435506
-0.04491534952580523
-0.0092301026111749
-0.03923477392627498
-0.14417218799802067
-0.21935981111273278
-0.022948280271073505
-0.05277517339595074
0.10244620024428652
-0.07861588113914743
-0.02974566343390062
-0.08427551996242251
0.012345047186152194
-0.016923878779722516
0.08752608463322031
0.3613673623791908
0.1457345582007516
0.11938835389610804
0.12179806209043395
-0.07877045964882716
0.027055584613159805
0.18208943099998898
0.03939291825159076
0.0023955002988164183
0.02626919233148536
0.0032064121396991455
-0.019671649336163423
-0.07309884547176314
-0.13884026308088615
0.02238608965215871
-0.0761828911067431
-0.057617775176878626
-0.09606512985228773
-0.012907428348053137
-0.08366450633512969
-0.1505914873180002
0.11065169975708247
0.13812407709218902
-0.19263706453547053
0.23240833966959049
-0.030955533159292916
-0.0025544742366355494
0.14747113184790245
-0.013832028357478984
0.12036623931830294
0.020126610976240952
-0.13718424400409562
-0.1581462167251259
0.014744051119868028
0.03146515367180595
-0.0522078032802443
0.019263760391755022
0.03744514169259389
0.006881116872597473
-0.07530232039211295
0.039686206364400685
-0.005774455764912103
0.03173163342363569
-0.016184253067584562
-0.020288682788951497
-0.01735185452709033
0.02545637122092323
-0.05405491274702889
0.0
